[gd_scene load_steps=8 format=2]

[ext_resource path="res://Scripts/CSG room.gd" type="Script" id=1]
[ext_resource path="res://Scene/CoinGold.tscn" type="PackedScene" id=2]
[ext_resource path="res://Scene/Ledge.tscn" type="PackedScene" id=3]
[ext_resource path="res://Scene/Character.tscn" type="PackedScene" id=4]
[ext_resource path="res://Scene/Bullet.tscn" type="PackedScene" id=5]
[ext_resource path="res://Scene/Wall.tscn" type="PackedScene" id=6]
[ext_resource path="res://Scene/Spikes.tscn" type="PackedScene" id=7]

[node name="CSG room" type="Spatial"]
transform = Transform( 1, 0, 0, 0, 1, 0, 0, 0, 1, 0, -1, 0 )
script = ExtResource( 1 )

[node name="CoinGold5" parent="." instance=ExtResource( 2 )]
transform = Transform( -0.926552, 0, 0.376167, 0, 1, 0, -0.376167, 0, -0.926552, 5, 1, -4 )

[node name="CoinGold6" parent="." instance=ExtResource( 2 )]
transform = Transform( -0.926552, 0, 0.376167, 0, 1, 0, -0.376167, 0, -0.926552, 6, 1, -4 )

[node name="CoinGold7" parent="." instance=ExtResource( 2 )]
transform = Transform( -0.926552, 0, 0.376167, 0, 1, 0, -0.376167, 0, -0.926552, 6, 1, -8 )

[node name="CoinGold8" parent="." instance=ExtResource( 2 )]
transform = Transform( -0.926552, 0, 0.376167, 0, 1, 0, -0.376167, 0, -0.926552, 9, 1, -8 )

[node name="Ledge" parent="." instance=ExtResource( 3 )]
transform = Transform( -4.37114e-08, 0, -1, 0, 1, 0, 1, 0, -4.37114e-08, 6, 0, 8 )
use_collision = true

[node name="Room" type="CSGBox" parent="."]
transform = Transform( 1, 0, 0, 0, 1, 0, 0, 0, 1, 0, 3, 0 )
use_collision = true
invert_faces = true
width = 20.0
height = 5.0
depth = 20.0

[node name="Characer" parent="." instance=ExtResource( 4 )]
transform = Transform( 1, 0, 0, 0, 1, 0, 0, 0, 1, -9, 2, 5 )

[node name="Bullet" parent="Characer" instance=ExtResource( 5 )]
transform = Transform( -0.926552, 0, 0.376167, 0, 1, 0, -0.376167, 0, -0.926552, 15, -1, -9 )

[node name="Wall" parent="." instance=ExtResource( 6 )]
transform = Transform( 1, 0, 0, 0, 1, 0, 0, 0, 1, 0, 0, 5 )

[node name="Wall2" parent="." instance=ExtResource( 6 )]
transform = Transform( -4.37114e-08, 0, 1, 0, 1, 0, -1, 0, -4.37114e-08, -5, 0, 3 )

[node name="Wall3" parent="." instance=ExtResource( 6 )]
transform = Transform( 1, 0, 0, 0, 1, 0, 0, 0, 1, 0, 0, -5 )

[node name="Spikes" parent="." instance=ExtResource( 7 )]
transform = Transform( -4.37114e-08, 0, 1, 0, 1, 0, -1, 0, -4.37114e-08, -6, 1, 2 )

[node name="Spikes2" parent="." instance=ExtResource( 7 )]
transform = Transform( -4.37114e-08, 0, 1, 0, 1, 0, -1, 0, -4.37114e-08, -5, 1, 1 )

[node name="Spikes4" parent="." instance=ExtResource( 7 )]
transform = Transform( -4.37114e-08, 0, 1, 0, 1, 0, -1, 0, -4.37114e-08, -8, 1, -2 )

[node name="Spikes5" parent="." instance=ExtResource( 7 )]
transform = Transform( -4.37114e-08, 0, 1, 0, 1, 0, -1, 0, -4.37114e-08, -8, 1, 0 )

[node name="Spikes6" parent="." instance=ExtResource( 7 )]
transform = Transform( -4.37114e-08, 0, 1, 0, 1, 0, -1, 0, -4.37114e-08, -4, 1, 0 )

[node name="Spikes7" parent="." instance=ExtResource( 7 )]
transform = Transform( -4.37114e-08, 0, 1, 0, 1, 0, -1, 0, -4.37114e-08, -3, 1, -2 )

[node name="Spikes8" parent="." instance=ExtResource( 7 )]
transform = Transform( -4.37114e-08, 0, 1, 0, 1, 0, -1, 0, -4.37114e-08, -3, 1, -7 )

[node name="Spikes9" parent="." instance=ExtResource( 7 )]
transform = Transform( -4.37114e-08, 0, 1, 0, 1, 0, -1, 0, -4.37114e-08, -7, 1, -4 )

[node name="Spikes10" parent="." instance=ExtResource( 7 )]
transform = Transform( -4.37114e-08, 0, 1, 0, 1, 0, -1, 0, -4.37114e-08, -4, 1, -8 )

[node name="Spikes11" parent="." instance=ExtResource( 7 )]
transform = Transform( 0.00759606, 0.0868239, 0.996195, 0.0868241, 0.992404, -0.0871556, -0.996195, 0.0871557, -4.35451e-08, -4, 1, -5 )

[node name="Spikes3" parent="." instance=ExtResource( 7 )]
transform = Transform( -4.37114e-08, 0, 1, 0, 1, 0, -1, 0, -4.37114e-08, 4, 1, 0 )

[node name="Lights" type="DirectionalLight" parent="."]
transform = Transform( 0.939693, 1.49502e-08, -0.34202, 0.34202, -4.10753e-08, 0.939693, 0, -1, -4.37114e-08, 0, 10, 0 )
shadow_enabled = true

[node name="CoinGold" parent="." instance=ExtResource( 2 )]
transform = Transform( 0.951918, 0, 0.306353, 0, 1, 0, -0.306353, 0, 0.951918, 5, 3, 8 )

[node name="CoinGold2" parent="." instance=ExtResource( 2 )]
transform = Transform( 0.951918, 0, 0.306353, 0, 1, 0, -0.306353, 0, 0.951918, 6, 3, 8 )

[node name="CoinGold3" parent="." instance=ExtResource( 2 )]
transform = Transform( 0.951918, 0, 0.306353, 0, 1, 0, -0.306353, 0, 0.951918, 7, 3, 8 )

[node name="CoinGold4" parent="." instance=ExtResource( 2 )]
transform = Transform( 0.951918, 0, 0.306353, 0, 1, 0, -0.306353, 0, 0.951918, 8, 3, 8 )
